STROKE 1
177 241 1775971768.706000
176 251 1775971768.748000
176 265 1775971768.764000
181 281 1775971768.781000
195 293 1775971768.798000

STROKE 2
227 228 1775971768.957000
226 230 1775971768.998000
231 245 1775971769.014000
234 260 1775971769.031000
235 272 1775971769.048000
235 281 1775971769.064000
227 286 1775971769.081000
213 290 1775971769.098000
198 293 1775971769.114000
191 293 1775971769.131000

STROKE 3
197 179 1775971769.273000
205 176 1775971769.314000
219 185 1775971769.331000
236 198 1775971769.349000
255 212 1775971769.365000
265 220 1775971769.381000

