STROKE 1
120 216 1778233419.939000
118 224 1778233419.980000
116 240 1778233419.997000
116 256 1778233420.014000
122 268 1778233420.030000
135 276 1778233420.047000
148 277 1778233420.064000

STROKE 2
162 199 1778233420.188000
166 201 1778233420.230000
175 219 1778233420.247000
180 238 1778233420.264000
181 253 1778233420.280000
181 260 1778233420.297000
180 261 1778233420.314000
171 262 1778233420.330000
161 263 1778233420.347000

STROKE 3
227 199 1778233420.504000
228 199 1778233420.547000
232 210 1778233420.564000
235 225 1778233420.580000
236 240 1778233420.597000
236 251 1778233420.614000
228 257 1778233420.630000
217 259 1778233420.647000
203 259 1778233420.664000
191 251 1778233420.681000

STROKE 4
201 175 1778233420.854000
205 164 1778233420.914000
213 164 1778233420.931000
218 164 1778233420.947000
220 164 1778233420.964000
214 164 1778233420.998000
203 164 1778233421.014000
199 163 1778233421.031000

