STROKE 1
154 193 1778236453.797000
150 203 1778236453.840000
149 221 1778236453.856000
149 237 1778236453.873000
151 246 1778236453.890000
156 249 1778236453.906000
166 250 1778236453.923000
180 251 1778236453.940000

STROKE 2
190 196 1778236454.063000
197 197 1778236454.124000
205 210 1778236454.140000
209 221 1778236454.157000
210 228 1778236454.173000
210 229 1778236454.190000
203 233 1778236454.206000
192 240 1778236454.223000
179 246 1778236454.240000
168 248 1778236454.257000

STROKE 3
216 221 1778236454.381000
222 204 1778236454.440000
234 195 1778236454.457000
251 188 1778236454.473000
267 187 1778236454.490000
273 187 1778236454.507000
274 194 1778236454.524000
274 202 1778236454.540000
271 211 1778236454.556000
264 220 1778236454.573000

STROKE 4
212 112 1778236454.730000
220 113 1778236454.773000
233 126 1778236454.790000
249 139 1778236454.806000
265 152 1778236454.823000
278 162 1778236454.840000
286 168 1778236454.856000
289 172 1778236454.873000

STROKE 5
262 265 1778236455.599000
271 255 1778236455.640000
288 255 1778236455.656000
304 255 1778236455.673000
314 255 1778236455.690000
323 255 1778236455.706000

